image_width: 640
image_height: 480
camera_name: camera
camera_matrix:
  rows: 3
  cols: 3
  data: [511.03849,   0.     , 286.33629,
           0.     , 510.79639, 256.7111 ,
           0.     ,   0.     ,   1.     ]
distortion_model: plumb_bob
distortion_coefficients:
  rows: 1
  cols: 5
  data: [-0.446964, 0.200493, -0.010998, 0.008789, 0.000000]
rectification_matrix:
  rows: 3
  cols: 3
  data: [1., 0., 0.,
         0., 1., 0.,
         0., 0., 1.]
projection_matrix:
  rows: 3
  cols: 4
  data: [412.46353,   0.     , 282.9322 ,   0.     ,
           0.     , 454.89996, 254.62492,   0.     ,
           0.     ,   0.     ,   1.     ,   0.     ]
